80
80
S                                             S
1                                             1
1                                             1
1                                             1
1                                             E
1   @                                         E
111111112    2    2      2        2       2   1
1      1                                      1
1      12                                     1
1      1                                      1
1      12                                     1
1      1                                      1
S                                             S