80
80
111111111111111111111111111111111111111111
1                                        E
1                                        E
1                      F          2      1
122222                                   1
1                    2222                1
1         A                              1
1         22222                          1
1                           P            1
1                 111111111111111111111111
1         P       1                      1
1         22222   1                      1
1                 1         1 222        1
111111            1         1            1
111111    P       1         1       222  1
111111    22222       A     1            1
111111            11111     1 222        1
111111            11111     1            1
11111111111111111111111             222  1
11111111111111111111111     A            1
11111111111111111111        11111111111111
1                           11111111111111
1                           11111111111111
1               11111111111111111111111111
1  @         P  11111111111111111111111111
111111111111111111111111111111111111111111